[Data]

PosZ1Down			 = -8.042000 
PosZ1Up		     = 40.673000 
PosZ2Down           = -18.844000 
PosZ2Up             = 117.189000 
PosZ2Medium         = 116.521000 
OffsetZ1            = 7.000000 
